0 0.0793194
10 0.0761162
20 0.0750133
30 0.0744643
40 0.0742712
50 0.0741506
60 0.074084
70 0.0740018
80 0.0739663
90 0.0739383
100 0.0738837
110 0.0738952
120 0.0738725
130 0.0738228
140 0.0738076
150 0.0737908
160 0.0737709
170 0.0737745
180 0.0737682
190 0.0737282
200 0.0737208
210 0.0737273
220 0.0736979
230 0.0736984
240 0.0737013
250 0.0736729
260 0.0736703
270 0.0736729
280 0.0736545
290 0.0736622
300 0.0736598
310 0.0736527
320 0.0736373
330 0.0736377
340 0.0736299
350 0.0736282
360 0.0736262
370 0.0736259
380 0.0736062
390 0.0736107
400 0.0736038
410 0.0735991
420 0.0736058
430 0.0736015
440 0.0735918
450 0.0735887
460 0.0735912
470 0.0735823
480 0.0735917
490 0.0735872
500 0.0735733
510 0.0735722
520 0.0735797
530 0.0735646
540 0.0735702
550 0.0735675
560 0.0735592
570 0.0735581
580 0.0735616
590 0.0735551
600 0.0735606
610 0.0735547
620 0.0735625
630 0.0735492
640 0.0735484
650 0.0735503
660 0.0735476
670 0.0735402
680 0.0735495
690 0.0735335
700 0.0735327
710 0.0735387
720 0.0735292
730 0.0735301
740 0.0735416
750 0.073527
760 0.073522
770 0.0735396
780 0.0735202
790 0.0735246
800 0.0735374
810 0.073517
820 0.0735134
830 0.073534
840 0.0735076
850 0.0735109
860 0.0735212
870 0.0735068
880 0.0735016
890 0.0735205
900 0.0735002
910 0.0735037
920 0.0735164
930 0.0735116
940 0.0734946
950 0.0735116
960 0.0734962
970 0.0734969
980 0.0735046
990 0.0735002
1000 0.0734845
